1.0079
4.0026
6.941
9.0122
10.811
12.0107
14.0067
15.9994
18.9984
20.1797
22.9897
24.305
26.9815
28.0855
30.9738
32.065
35.453
39.0983
39.948
40.078
44.9559
47.867
50.9415
51.9961
54.938
55.845
58.6934
58.9332
63.546
65.39
69.723
72.64
74.9216
78.96
79.904
83.8
85.4678
87.62
88.9059
91.224
92.9064	
95.94
98.00
101.07
102.905
106.42
107.868
112.411
114.818
118.71
121.76
126.904
127.6
131.293
132.905
137.327
138.905
140.116
140.907
144.24
145
150.36
151.964
157.25
158.925
162.5
164.930
167.259
168.934
173.04
174.967
178.49
180.947
183.84
186.207
190.23
192.217
195.078
196.966
200.59
204.383
207.2
208.980
208.982
209
210
222
223
226
227
231.035
232.038
237
238.028
243
244
247
247
251
252
257
258
259
261
262
262
264
266
268